#G1           G2             G3             W2            W3
0.0778        -0.4736        -0.9105        0.1826        5.0048e-03
0.0983        -0.4911        -1.0000        0.1887        5.0265e-03
0.1037        -0.4585        -1.0000        0.1917        5.0165e-03
0.1123        -0.4684        -1.0000        0.1908        5.0054e-03
0.1138        -0.4511        -0.9875        0.1983        5.0073e-03
0.0947        -0.4344        -0.9651        0.2037        4.9907e-03
0.0886        -0.4418        -0.9502        0.1968        4.9991e-03
0.1055        -0.4381        -0.9848        0.2019        4.9986e-03
0.1072        -0.4329        -0.9823        0.2057        5.0104e-03
0.0914        -0.4201        -0.8065        0.1970        5.0141e-03
0.0993        -0.4387        -0.9086        0.1948        5.0136e-03
0.1004        -0.4431        -0.9203        0.1961        4.9848e-03
0.1125        -0.4472        -0.9960        0.2033        4.9952e-03
0.1104        -0.4543        -1.0000        0.2021        5.0225e-03
0.1050        -0.4720        -1.0000        0.1937        5.0176e-03
0.1117        -0.4797        -1.0000        0.1953        5.0175e-03
0.1389        -0.4657        -1.0000        0.1958        5.0268e-03
0.1348        -0.4722        -1.0000        0.1957        5.0344e-03
0.1369        -0.4583        -0.9764        0.2010        5.0216e-03
0.1359        -0.4605        -0.9968        0.1994        5.0201e-03
0.1326        -0.4419        -0.9259        0.2035        5.0144e-03
0.1285        -0.4285        -0.8736        0.2065        5.0171e-03
0.1376        -0.4518        -0.9431        0.2087        4.9977e-03
0.1519        -0.4472        -0.9505        0.2157        5.0173e-03
0.1584        -0.4235        -0.9389        0.2202        5.0229e-03
0.1402        -0.4365        -0.9354        0.2176        4.8917e-03
0.1389        -0.4414        -0.9657        0.2202        5.0145e-03
0.1316        -0.4252        -0.9059        0.2239        5.0223e-03
0.1376        -0.4248        -0.8983        0.2238        5.0214e-03
0.1390        -0.4186        -0.8695        0.2239        5.0063e-03
0.1603        -0.3949        -0.7500        0.2313        4.9978e-03
0.1684        -0.4071        -0.8556        0.2330        5.0145e-03
0.1592        -0.4130        -0.8448        0.2300        4.9827e-03
0.1371        -0.3955        -0.7693        0.2303        5.0034e-03
0.1159        -0.4053        -0.8249        0.2245        5.0028e-03
0.1161        -0.4125        -0.8606        0.2215        5.0118e-03
0.1037        -0.4211        -0.7909        0.2198        4.9976e-03
0.0946        -0.4482        -0.7526        0.2073        4.9907e-03
0.0983        -0.4502        -0.8386        0.2079        5.0101e-03
0.0843        -0.4405        -0.7826        0.2074        5.0053e-03
0.0956        -0.4465        -0.8160        0.2086        5.0058e-03
0.1050        -0.4384        -0.7844        0.2134        5.0032e-03
0.1098        -0.4417        -0.8165        0.2134        4.9920e-03
0.1264        -0.4278        -0.7516        0.2148        4.9978e-03
0.1253        -0.4313        -0.8254        0.2190        4.9973e-03
0.1239        -0.4225        -0.8240        0.2189        5.0097e-03
0.0966        -0.4227        -0.8189        0.2208        5.0133e-03
0.1268        -0.4319        -0.8486        0.2212        4.9979e-03
0.1238        -0.4233        -0.7900        0.2195        5.0005e-03
0.1067        -0.4188        -0.7890        0.2196        5.0107e-03
0.0868        -0.3942        -0.8244        0.2236        5.0106e-03
0.0973        -0.3966        -0.8418        0.2236        5.0089e-03
0.0819        -0.3966        -0.8188        0.2187        5.0151e-03
0.0805        -0.4063        -0.8046        0.2074        4.9980e-03
0.0781        -0.4456        -0.7826        0.1957        5.0037e-03
0.0702        -0.4429        -0.8949        0.1973        4.9952e-03
0.0744        -0.4286        -0.8225        0.1979        5.0001e-03
0.0939        -0.4467        -0.8738        0.1945        5.0038e-03
0.1043        -0.4566        -0.9029        0.1929        5.0093e-03
0.1148        -0.4597        -0.9188        0.1953        5.0062e-03
0.0993        -0.4576        -0.9179        0.1943        5.0034e-03
0.1011        -0.4586        -0.8969        0.1950        5.0093e-03
0.1093        -0.4488        -0.8958        0.1982        5.0016e-03
0.1188        -0.4470        -0.9270        0.2020        4.9907e-03
0.1118        -0.4429        -0.8101        0.1957        5.0013e-03
0.1159        -0.4465        -0.8242        0.1979        4.9996e-03
0.1261        -0.4427        -0.8588        0.1989        4.9893e-03
0.1455        -0.4466        -0.8748        0.1971        5.0006e-03
0.1507        -0.4450        -0.8336        0.2007        4.9893e-03
0.1279        -0.4451        -0.8386        0.1990        5.0009e-03
0.1300        -0.4325        -0.7149        0.1970        4.9952e-03
0.1102        -0.4293        -0.9015        0.1961        4.9986e-03
0.1100        -0.4283        -0.8783        0.1939        5.0022e-03
0.1028        -0.4296        -0.8703        0.1922        4.9968e-03
0.1259        -0.4279        -0.9457        0.1974        5.0067e-03
0.1409        -0.4242        -0.9425        0.1981        5.0017e-03
0.1132        -0.4328        -0.9108        0.1969        4.9871e-03
0.1112        -0.4532        -0.9100        0.1921        4.9952e-03
0.1163        -0.4662        -0.9432        0.1906        4.9927e-03
0.1180        -0.4640        -0.9425        0.1892        4.9974e-03
0.1048        -0.4486        -0.9210        0.1914        5.0033e-03
0.1050        -0.4485        -0.9040        0.1900        4.9984e-03
0.1143        -0.4828        -0.9392        0.1890        5.0142e-03
0.1045        -0.4690        -0.9192        0.1915        4.9962e-03
0.0920        -0.4590        -0.8740        0.1876        5.0050e-03
0.1018        -0.4573        -0.8482        0.1858        5.0025e-03
0.1061        -0.4504        -0.8053        0.1868        5.0018e-03
0.1169        -0.4685        -0.8679        0.1886        5.0069e-03
0.1162        -0.4429        -0.7964        0.1927        5.0012e-03
0.1237        -0.4439        -0.8298        0.1948        4.9996e-03
0.1203        -0.4685        -0.8937        0.1921        5.0061e-03
0.1264        -0.4848        -0.9532        0.1923        5.0224e-03
0.1492        -0.4713        -0.9778        0.2039        5.0196e-03
0.1464        -0.4653        -0.9796        0.2102        5.0176e-03
0.1257        -0.4690        -0.9812        0.2106        5.0178e-03
0.1330        -0.4397        -0.9733        0.2186        5.0242e-03
0.1396        -0.4320        -0.9375        0.2241        5.0182e-03
0.1688        -0.4121        -0.9587        0.2285        5.0261e-03
0.1747        -0.4059        -1.0000        0.2268        5.0201e-03
0.1567        -0.3877        -0.8964        0.2305        5.0079e-03
0.1724        -0.3971        -1.0000        0.2342        5.0148e-03
0.1702        -0.3958        -0.9985        0.2399        4.9950e-03
0.1525        -0.4083        -0.9707        0.2349        4.9956e-03
0.1720        -0.4140        -1.0000        0.2338        5.0354e-03
0.1482        -0.4126        -0.9913        0.2349        4.9996e-03
0.1423        -0.4063        -0.9530        0.2336        5.0267e-03
0.1454        -0.4152        -0.9992        0.2335        4.9778e-03
0.1281        -0.4160        -0.9929        0.2345        5.0210e-03
0.1460        -0.4257        -1.0000        0.2335        5.0341e-03
0.1730        -0.4291        -1.0000        0.2332        5.0428e-03
0.1696        -0.4075        -0.9989        0.2409        5.0151e-03
0.1351        -0.4161        -0.9305        0.2383        5.0262e-03
0.1590        -0.4127        -0.9363        0.2402        5.0017e-03
0.1501        -0.4157        -0.9297        0.2400        5.0100e-03
0.1438        -0.4173        -0.9629        0.2404        4.9849e-03
0.1211        -0.3975        -0.8699        0.2393        4.9975e-03
0.1173        -0.4055        -0.8857        0.2403        5.0117e-03
0.1162        -0.4067        -0.8757        0.2375        5.0120e-03
0.1256        -0.4360        -0.9549        0.2322        5.0092e-03
0.1150        -0.4305        -0.8591        0.2298        5.0013e-03
0.1769        -0.3579        -0.9296        0.2753        5.0142e-03
0.1565        -0.3675        -0.8995        0.2687        4.9966e-03
0.1713        -0.3592        -0.8588        0.2686        5.0096e-03
0.1564        -0.3520        -0.7910        0.2685        4.9967e-03
0.1579        -0.3527        -0.8050        0.2723        4.9947e-03
0.1610        -0.3575        -0.8768        0.2699        4.9962e-03
0.1330        -0.3643        -0.8555        0.2602        5.0125e-03
0.1606        -0.3645        -0.8677        0.2597        5.0021e-03
0.1504        -0.3742        -0.8688        0.2573        4.9927e-03
0.1600        -0.3770        -0.8026        0.2596        5.0085e-03
0.1656        -0.3698        -0.7360        0.2611        4.9928e-03
0.1632        -0.3798        -0.8677        0.2562        4.9792e-03
0.1608        -0.3837        -0.7704        0.2508        4.9952e-03
0.1551        -0.3744        -0.7492        0.2560        5.0031e-03
0.1310        -0.3779        -0.7979        0.2553        5.0032e-03
0.1260        -0.3844        -0.8407        0.2495        5.0101e-03
0.1308        -0.3773        -0.8102        0.2502        5.0079e-03
0.1217        -0.3903        -0.7939        0.2434        4.9864e-03
0.0965        -0.3895        -0.8896        0.2438        5.0149e-03
0.0984        -0.3968        -0.8822        0.2453        5.0074e-03
0.1001        -0.3980        -0.8736        0.2444        5.0051e-03
0.0877        -0.3949        -0.8289        0.2421        5.0076e-03
0.0998        -0.3813        -0.7428        0.2413        4.9961e-03
0.0968        -0.3896        -1.0000        0.2373        4.9844e-03
0.0916        -0.3866        -0.8302        0.2287        5.0090e-03
0.0869        -0.3821        -0.7885        0.2280        5.0048e-03
0.0693        -0.3728        -0.7735        0.2266        5.0034e-03
0.0933        -0.3962        -0.8721        0.2240        5.0153e-03
0.1010        -0.4203        -0.8351        0.2147        4.9926e-03
0.1076        -0.4234        -0.8668        0.2148        4.9959e-03
0.1184        -0.4215        -0.8516        0.2146        5.0008e-03
0.1359        -0.4120        -0.7924        0.2181        5.0124e-03
0.1549        -0.4161        -0.9330        0.2218        4.9892e-03
0.1594        -0.4134        -0.9513        0.2272        4.9886e-03
0.1717        -0.4270        -0.9865        0.2318        5.0071e-03
0.1754        -0.4160        -0.9974        0.2361        5.0169e-03
0.1858        -0.3842        -0.9903        0.2416        5.0380e-03
0.1840        -0.3873        -1.0000        0.2409        5.0218e-03
0.1719        -0.3928        -0.9870        0.2383        5.0044e-03
0.1598        -0.4283        -0.9715        0.2319        5.0035e-03
0.1573        -0.4267        -1.0000        0.2341        5.0156e-03
0.1492        -0.4143        -0.9741        0.2375        5.0092e-03
0.1618        -0.4020        -0.9709        0.2375        5.0027e-03
0.1683        -0.3951        -0.9371        0.2390        5.0229e-03
0.1736        -0.3928        -0.9689        0.2511        5.0138e-03
0.1747        -0.3961        -0.9313        0.2484        5.0261e-03
0.1856        -0.3949        -0.9673        0.2563        5.0170e-03
0.1714        -0.3914        -0.9666        0.2584        5.0083e-03
0.1540        -0.3965        -0.9981        0.2580        4.9877e-03
0.1619        -0.3900        -0.9473        0.2546        5.0342e-03
0.1539        -0.3956        -0.9669        0.2539        5.0230e-03
0.1583        -0.3959        -0.9596        0.2576        5.0063e-03
0.1561        -0.4157        -1.0000        0.2525        5.0369e-03
0.1560        -0.3900        -0.8819        0.2578        5.0047e-03
0.1483        -0.3969        -0.8905        0.2555        5.0107e-03
0.1499        -0.3978        -0.8949        0.2570        4.9927e-03
0.1323        -0.3914        -0.8156        0.2547        5.0078e-03
0.1543        -0.3913        -0.8276        0.2553        4.9976e-03
0.1559        -0.3895        -0.8136        0.2570        4.9965e-03
0.1540        -0.3919        -0.8141        0.2551        5.0019e-03
0.1749        -0.3903        -0.7977        0.2594        5.0043e-03
0.1870        -0.3959        -0.8340        0.2563        4.9966e-03
0.1860        -0.3959        -0.8627        0.2584        5.0126e-03
0.1711        -0.3832        -0.7507        0.2602        5.0099e-03
0.1652        -0.3836        -0.8396        0.2623        5.0081e-03
0.1532        -0.3893        -0.8617        0.2547        5.0028e-03
0.1523        -0.4084        -0.8261        0.2482        4.9918e-03
0.1379        -0.3914        -0.8182        0.2513        5.0108e-03
0.1515        -0.4020        -0.8726        0.2466        5.0100e-03
0.1733        -0.3919        -0.6193        0.2442        4.9976e-03
0.1638        -0.3989        -0.8764        0.2472        4.9873e-03
0.1388        -0.3938        -0.7964        0.2438        5.0035e-03
0.1574        -0.4049        -0.8582        0.2473        5.0122e-03
0.1366        -0.3900        -0.8127        0.2464        5.0197e-03
0.1141        -0.3933        -0.7830        0.2415        5.0000e-03
0.1047        -0.3901        -0.9342        0.2369        4.9993e-03
0.1097        -0.3943        -0.8583        0.2343        4.9990e-03
0.1122        -0.3890        -0.8205        0.2374        4.9993e-03
0.0972        -0.4121        -0.8066        0.2264        4.9962e-03
0.1028        -0.4200        -0.8478        0.2281        5.0068e-03
0.1124        -0.4255        -0.8432        0.2246        4.9940e-03
0.1093        -0.3981        -0.9034        0.2249        5.0051e-03
0.1174        -0.4233        -0.9646        0.2191        5.0076e-03
0.1310        -0.4305        -0.9846        0.2183        5.0084e-03
0.1460        -0.4161        -1.0000        0.2256        5.0163e-03
0.1396        -0.4217        -1.0000        0.2207        5.0290e-03
0.1446        -0.4233        -0.9522        0.2215        4.9926e-03
0.1368        -0.4191        -0.9260        0.2196        5.0115e-03
0.1305        -0.4190        -0.8252        0.2155        4.9940e-03
0.1312        -0.4281        -0.9347        0.2179        4.9852e-03
0.1401        -0.4144        -0.9005        0.2211        4.9929e-03
0.1430        -0.4183        -0.9455        0.2235        5.0153e-03
0.1492        -0.4188        -0.9397        0.2215        5.0065e-03
0.1329        -0.4153        -0.9476        0.2193        5.0090e-03
0.1294        -0.4198        -0.9794        0.2222        4.9865e-03
0.1390        -0.4245        -0.9947        0.2230        5.0193e-03
0.1262        -0.4365        -0.9228        0.2186        5.0092e-03
0.1310        -0.4327        -0.9519        0.2230        4.9972e-03
0.1172        -0.4164        -0.9151        0.2260        5.0015e-03
0.1090        -0.4139        -0.8744        0.2285        5.0059e-03
0.0956        -0.4208        -0.8288        0.2214        5.0024e-03
0.1083        -0.4194        -0.8141        0.2241        4.9996e-03
0.1205        -0.4165        -0.8184        0.2284        5.0179e-03
0.1054        -0.4047        -0.7936        0.2251        5.0039e-03
0.1107        -0.4194        -0.8765        0.2245        5.0161e-03
0.1064        -0.4235        -0.7350        0.2196        4.9983e-03
0.1105        -0.4316        -0.8200        0.2230        5.0078e-03
0.1067        -0.4206        -0.7919        0.2245        5.0059e-03
0.1099        -0.4085        -0.6378        0.2237        4.9962e-03
0.1109        -0.4199        -0.8456        0.2232        4.9933e-03
0.1482        -0.4192        -0.8577        0.2263        5.0011e-03
0.1306        -0.4243        -0.8525        0.2233        5.0058e-03
0.1291        -0.4262        -0.8817        0.2259        5.0074e-03
0.1296        -0.4191        -0.8612        0.2293        5.0027e-03
0.1325        -0.4302        -0.8953        0.2310        5.0154e-03
0.1404        -0.4481        -0.9644        0.2322        5.0254e-03
0.1583        -0.4350        -1.0000        0.2403        5.0372e-03
0.1766        -0.4112        -0.9911        0.2478        5.0314e-03
0.1701        -0.4083        -1.0000        0.2476        5.0296e-03
0.1571        -0.4057        -0.9194        0.2465        5.0118e-03
0.1558        -0.4147        -0.9479        0.2447        5.0211e-03
0.0566        -0.3922        -0.8773        0.1831        5.0132e-03
0.0534        -0.4179        -0.7453        0.1675        5.0100e-03
0.0461        -0.4038        -0.8561        0.1675        5.0126e-03
0.0514        -0.4497        -0.7420        0.1521        4.9846e-03
0.0666        -0.5004        -0.8153        0.1439        5.0009e-03
0.0465        -0.4931        -0.7670        0.1376        4.9996e-03
0.0450        -0.5241        -0.7825        0.1382        4.9980e-03
0.0551        -0.4945        -0.7053        0.1425        4.9972e-03
0.0562        -0.4958        -0.7045        0.1421        4.9985e-03
0.0535        -0.5068        -0.7361        0.1426        4.9992e-03
0.0545        -0.5205        -0.7637        0.1394        5.0002e-03
0.0778        -0.5176        -0.6757        0.1385        4.9981e-03
0.0582        -0.5349        -0.7255        0.1352        5.0003e-03
0.0662        -0.5241        -0.7250        0.1399        4.9993e-03
0.0756        -0.5098        -0.6798        0.1449        4.9979e-03
0.0802        -0.5282        -0.7451        0.1477        4.9995e-03
0.0744        -0.4979        -0.8184        0.1529        5.0004e-03
0.0572        -0.5052        -0.7818        0.1499        4.9991e-03
0.0585        -0.5060        -0.7894        0.1532        5.0015e-03
0.0894        -0.5238        -0.8507        0.1524        5.0094e-03
0.0934        -0.5243        -0.9265        0.1590        5.0119e-03
0.0859        -0.5395        -0.9352        0.1606        5.0131e-03
0.0930        -0.5005        -0.9436        0.1678        5.0125e-03
0.0699        -0.5257        -0.8774        0.1574        5.0034e-03
0.0649        -0.5234        -0.8543        0.1539        5.0025e-03
0.0730        -0.5465        -0.8542        0.1521        5.0072e-03
0.0916        -0.5307        -0.9568        0.1639        5.0123e-03
0.0802        -0.5438        -0.9767        0.1651        5.0157e-03
0.0845        -0.5203        -1.0000        0.1691        5.0246e-03
0.0815        -0.4953        -0.9964        0.1707        5.0057e-03
0.0900        -0.4666        -1.0000        0.1772        5.0116e-03
0.0771        -0.4802        -0.9942        0.1742        4.9842e-03
0.0860        -0.4904        -0.9935        0.1731        5.0007e-03
0.0719        -0.4706        -0.8371        0.1682        5.0111e-03
0.0706        -0.4590        -0.7823        0.1711        4.9972e-03
0.0908        -0.4898        -0.8616        0.1753        5.0006e-03
0.1195        -0.4703        -0.9893        0.1906        5.0167e-03
0.1022        -0.4883        -0.9215        0.1813        5.0070e-03
0.0965        -0.4815        -0.8966        0.1795        5.0053e-03
0.1147        -0.5043        -0.9429        0.1794        5.0243e-03
0.1195        -0.4646        -0.9146        0.1835        5.0042e-03
0.1042        -0.4543        -0.8793        0.1806        5.0049e-03
0.0929        -0.4356        -0.8269        0.1832        4.9901e-03
0.0818        -0.4543        -0.7786        0.1757        4.9959e-03
0.0885        -0.4725        -0.8030        0.1778        5.0018e-03
0.0925        -0.4818        -0.8184        0.1735        5.0005e-03
0.0831        -0.4777        -0.8122        0.1739        5.0014e-03
0.0943        -0.5289        -0.8580        0.1658        5.0038e-03
0.0858        -0.5265        -0.8627        0.1651        5.0048e-03
0.0891        -0.5338        -0.8624        0.1649        5.0085e-03
0.0921        -0.5288        -0.9207        0.1698        5.0043e-03
0.0902        -0.5171        -1.0000        0.1670        5.0195e-03
0.0792        -0.4940        -0.9792        0.1682        5.0020e-03
0.0951        -0.5002        -1.0000        0.1725        5.0203e-03
0.0628        -0.5233        -0.8715        0.1610        5.0032e-03
0.0707        -0.5224        -0.8932        0.1645        5.0111e-03
0.0730        -0.5315        -0.9347        0.1665        5.0104e-03
0.0650        -0.5252        -0.9050        0.1617        5.0015e-03
0.0607        -0.4982        -0.8994        0.1647        5.0016e-03
0.0675        -0.5037        -0.9085        0.1695        4.9972e-03
0.0675        -0.4853        -0.8165        0.1683        5.0018e-03
0.0701        -0.4965        -0.8275        0.1639        5.0005e-03
0.1024        -0.4884        -0.8051        0.1633        4.9996e-03
0.0944        -0.5037        -0.7838        0.1600        4.9984e-03
0.0935        -0.5188        -0.8104        0.1573        5.0025e-03
0.0941        -0.5211        -0.8217        0.1593        5.0045e-03
0.0886        -0.5142        -0.8482        0.1584        5.0024e-03
0.0700        -0.5005        -0.8256        0.1533        5.0001e-03
0.0743        -0.5250        -0.8049        0.1489        5.0020e-03
0.0772        -0.5254        -0.8034        0.1482        5.0011e-03
0.0819        -0.5222        -0.8079        0.1535        5.0024e-03
0.0848        -0.5281        -0.8232        0.1559        5.0024e-03
0.0706        -0.5184        -0.8081        0.1546        5.0003e-03
0.0621        -0.5103        -0.8100        0.1557        5.0020e-03
0.0449        -0.5043        -0.7857        0.1525        4.9994e-03
0.0650        -0.5059        -0.8021        0.1516        5.0018e-03
0.0937        -0.4937        -0.7488        0.1555        4.9981e-03
0.1105        -0.4852        -0.6064        0.1572        4.9949e-03
0.1144        -0.4757        -0.6688        0.1611        4.9958e-03
0.1078        -0.4711        -0.7776        0.1650        4.9988e-03
0.1034        -0.4758        -0.7686        0.1595        4.9950e-03
0.0862        -0.5105        -0.7970        0.1554        5.0031e-03
0.1083        -0.5037        -0.8319        0.1579        5.0022e-03
0.1203        -0.4798        -0.8332        0.1674        4.9997e-03
0.0894        -0.5205        -0.8736        0.1604        5.0068e-03
0.0808        -0.5162        -0.8587        0.1589        5.0026e-03
0.0761        -0.4944        -0.8331        0.1619        5.0001e-03
0.0757        -0.4769        -0.8157        0.1650        5.0035e-03
0.0654        -0.4826        -0.8087        0.1587        5.0010e-03
0.0765        -0.4890        -0.8242        0.1577        5.0007e-03
0.0960        -0.5091        -0.8850        0.1624        5.0042e-03
0.0902        -0.4979        -0.8512        0.1588        5.0019e-03
0.1044        -0.4864        -0.9025        0.1704        5.0069e-03
0.1040        -0.4781        -0.9660        0.1742        5.0083e-03
0.1044        -0.4730        -0.9517        0.1770        5.0091e-03
0.1218        -0.4699        -1.0000        0.1867        5.0225e-03
0.1118        -0.4555        -0.9645        0.1886        4.9954e-03
0.1191        -0.4666        -0.9977        0.1868        5.0074e-03
0.1055        -0.4627        -0.9501        0.1842        5.0220e-03
0.0923        -0.4660        -0.8782        0.1750        5.0072e-03
0.0937        -0.4479        -0.7803        0.1751        5.0092e-03
0.0935        -0.4684        -0.8394        0.1746        5.0034e-03
0.0819        -0.4420        -0.7610        0.1755        5.0021e-03
0.0519        -0.4125        -0.9126        0.1783        4.9995e-03
0.0524        -0.4111        -0.7685        0.1698        5.0291e-03
0.0707        -0.4718        -0.8964        0.1645        4.9896e-03
0.0595        -0.4639        -0.8428        0.1649        4.9974e-03
0.0774        -0.4809        -0.8916        0.1700        5.0038e-03
0.0728        -0.4703        -0.8000        0.1681        5.0038e-03
0.0826        -0.4806        -0.8222        0.1705        4.9968e-03
0.0857        -0.5001        -0.7994        0.1668        4.9928e-03
0.0881        -0.4855        -0.7934        0.1702        4.9991e-03
0.0953        -0.4871        -0.8226        0.1713        5.0009e-03
0.0781        -0.5072        -0.8139        0.1657        5.0023e-03
0.0642        -0.4841        -0.7698        0.1635        4.9977e-03
0.0380        -0.4197        -0.8727        0.1709        5.0059e-03
0.0671        -0.4238        -0.8310        0.1698        5.0246e-03
0.0644        -0.4218        -0.7745        0.1698        5.0183e-03
0.0645        -0.4391        -0.8265        0.1671        5.0081e-03
0.0456        -0.4382        -0.7961        0.1675        5.0073e-03
0.0700        -0.4407        -0.8120        0.1779        4.9958e-03
0.1138        -0.4271        -0.8666        0.2062        4.9999e-03
0.1056        -0.4126        -0.8052        0.2064        5.0007e-03
0.1098        -0.4007        -0.9016        0.2172        5.0122e-03
0.0976        -0.4108        -0.8244        0.2141        5.0076e-03
0.0750        -0.4019        -0.9339        0.2098        4.9959e-03
0.0709        -0.4211        -0.8610        0.1972        4.9927e-03
0.0747        -0.4643        -0.8317        0.1852        4.9598e-03
0.0954        -0.4592        -0.8638        0.1884        4.9937e-03
0.0834        -0.4662        -0.8657        0.1801        5.0000e-03
0.1021        -0.4895        -0.9246        0.1803        5.0103e-03
0.1084        -0.4674        -0.9514        0.1855        5.0220e-03
0.1107        -0.4720        -0.9600        0.1833        5.0110e-03
0.1123        -0.4824        -0.9962        0.1839        5.0112e-03
0.1207        -0.4854        -0.9993        0.1850        5.0179e-03
0.1106        -0.4965        -1.0000        0.1839        5.0269e-03
0.1130        -0.4971        -0.9744        0.1855        5.0187e-03
0.1286        -0.4897        -1.0000        0.1892        5.0295e-03
0.1162        -0.4868        -1.0000        0.1888        5.0216e-03
0.1204        -0.4844        -1.0000        0.1883        5.0205e-03
0.1230        -0.4557        -0.9728        0.1959        5.0172e-03
0.1206        -0.4490        -0.9872        0.2006        5.0240e-03
0.1191        -0.4698        -1.0000        0.2001        5.0222e-03
0.1120        -0.4660        -1.0000        0.2011        5.0249e-03
0.1390        -0.4272        -1.0000        0.2111        5.0152e-03
0.1257        -0.4351        -0.9287        0.2058        4.9965e-03
0.1134        -0.4231        -0.8175        0.2035        4.9978e-03
0.1294        -0.4495        -0.9113        0.2014        4.9730e-03
0.1370        -0.4557        -0.9410        0.2053        5.0048e-03
0.1212        -0.4672        -0.9797        0.2022        5.0257e-03
0.1230        -0.4730        -0.9797        0.2010        5.0092e-03
0.1261        -0.4608        -0.9996        0.2021        4.9982e-03
0.1083        -0.4659        -0.9295        0.1968        5.0129e-03
0.1226        -0.4688        -0.9279        0.2011        5.0065e-03
0.0997        -0.4681        -0.7897        0.1934        5.0010e-03
0.1026        -0.4657        -0.7875        0.1964        5.0026e-03
0.1222        -0.4537        -0.7530        0.1943        4.9969e-03
0.1239        -0.4346        -0.8807        0.1943        4.9922e-03
0.1190        -0.4359        -0.8696        0.1926        5.0038e-03
0.1132        -0.4670        -0.9460        0.1883        5.0130e-03
0.1109        -0.4738        -0.9675        0.1876        5.0120e-03
0.1016        -0.4631        -0.8851        0.1810        4.9973e-03
0.1119        -0.4714        -0.9402        0.1828        5.0019e-03
0.1089        -0.4598        -0.9597        0.1852        5.0068e-03
0.1204        -0.4651        -0.9715        0.1884        5.0000e-03
0.1148        -0.4752        -0.9868        0.1825        5.0113e-03
0.1138        -0.4552        -0.9646        0.1829        5.0115e-03
0.1097        -0.4385        -0.9765        0.1894        5.0235e-03
0.1213        -0.4268        -1.0000        0.1970        5.0198e-03
0.0934        -0.4464        -0.9951        0.1934        4.9876e-03
0.0822        -0.4597        -0.9848        0.1883        4.9841e-03
0.0838        -0.4774        -0.9755        0.1812        4.9894e-03
0.0659        -0.4890        -0.8468        0.1682        4.9996e-03
0.0726        -0.4909        -0.8613        0.1712        5.0001e-03
0.0800        -0.4891        -0.8998        0.1720        5.0019e-03
0.0773        -0.5018        -0.9049        0.1662        5.0001e-03
0.1018        -0.4892        -0.9322        0.1728        5.0131e-03
0.0843        -0.4941        -0.8937        0.1706        4.9934e-03
0.0817        -0.4973        -0.8733        0.1707        4.9997e-03
0.0912        -0.4746        -0.8608        0.1721        5.0058e-03
0.1091        -0.4818        -0.8757        0.1701        5.0023e-03
0.0974        -0.4853        -0.8529        0.1672        5.0034e-03
0.0889        -0.4788        -0.8576        0.1658        4.9978e-03
0.0763        -0.4606        -0.7801        0.1682        4.9997e-03
0.0646        -0.4502        -0.8096        0.1674        5.0002e-03
0.0451        -0.4366        -0.7557        0.1666        5.0052e-03
0.0467        -0.4639        -0.7165        0.1606        4.9965e-03
0.0573        -0.4602        -0.7149        0.1628        4.9990e-03
0.0795        -0.4667        -0.8461        0.1667        4.9935e-03
0.0766        -0.4465        -0.7206        0.1686        4.9970e-03
0.0754        -0.4913        -0.7832        0.1652        5.0007e-03
0.0706        -0.4829        -0.8286        0.1660        5.0014e-03
0.0701        -0.4824        -0.7917        0.1685        5.0033e-03
0.0742        -0.4922        -0.8154        0.1677        5.0017e-03
0.0629        -0.4500        -0.8614        0.1747        5.0079e-03
0.0447        -0.4464        -0.8156        0.1719        5.0036e-03
0.0526        -0.4839        -0.8040        0.1662        4.9922e-03
0.0542        -0.4947        -0.7578        0.1638        5.0006e-03
0.0856        -0.5282        -0.7843        0.1630        5.0012e-03
0.0782        -0.4801        -0.8216        0.1698        5.0010e-03
0.0838        -0.4928        -0.8443        0.1697        5.0021e-03
0.0660        -0.4926        -0.7963        0.1666        5.0026e-03
0.0778        -0.4787        -0.7850        0.1716        5.0019e-03
0.0835        -0.4852        -0.8170        0.1751        5.0000e-03
0.0585        -0.4625        -0.8016        0.1727        5.0060e-03
0.0732        -0.4837        -0.8617        0.1745        5.0037e-03
0.0718        -0.4864        -0.8851        0.1685        5.0008e-03
0.0749        -0.4808        -0.8371        0.1703        4.9997e-03
0.0784        -0.4851        -0.8360        0.1711        5.0021e-03
0.0643        -0.4744        -0.7744        0.1629        4.9991e-03
0.0667        -0.4576        -0.9176        0.1647        4.9952e-03
0.0707        -0.4909        -0.9518        0.1613        5.0046e-03
0.0924        -0.5040        -1.0000        0.1706        5.0094e-03
0.0929        -0.5042        -0.9975        0.1761        5.0104e-03
0.0862        -0.4914        -0.9971        0.1773        4.9837e-03
0.0959        -0.4830        -0.9988        0.1796        5.0113e-03
0.1056        -0.4581        -0.9994        0.1899        5.0083e-03
0.0872        -0.4565        -0.9789        0.1841        4.9936e-03
0.0846        -0.4802        -1.0000        0.1848        5.0095e-03
0.0974        -0.4712        -0.9799        0.1859        5.0075e-03
0.0975        -0.4613        -0.9646        0.1852        4.9998e-03
0.0911        -0.4867        -0.9578        0.1826        5.0103e-03
0.0754        -0.4733        -0.9400        0.1805        5.0014e-03
0.0815        -0.5035        -0.9996        0.1754        5.0373e-03
0.0734        -0.5022        -0.9825        0.1719        4.9989e-03
0.0838        -0.4910        -0.9666        0.1700        5.0155e-03
0.0845        -0.4862        -0.9392        0.1696        4.9924e-03
0.1119        -0.4581        -0.9848        0.1724        5.0070e-03
0.1069        -0.4650        -0.9676        0.1737        4.9934e-03
0.1258        -0.4418        -1.0000        0.1843        5.0378e-03
0.1024        -0.4490        -0.9282        0.1821        4.9914e-03
0.1022        -0.4186        -0.7880        0.1805        5.0429e-03
0.0830        -0.4407        -0.8155        0.1714        4.9924e-03
0.0697        -0.4316        -0.8541        0.1749        5.0056e-03
0.0787        -0.4596        -0.9135        0.1747        4.9844e-03
0.0564        -0.4618        -0.8669        0.1673        4.9992e-03
0.0669        -0.4689        -0.7820        0.1639        5.0057e-03
0.0773        -0.4627        -0.7507        0.1674        4.9986e-03
0.0714        -0.4725        -0.7495        0.1639        4.9982e-03
0.1206        -0.4561        -0.9410        0.2032        5.0155e-03
0.1158        -0.4485        -0.9379        0.2074        5.0056e-03
0.1141        -0.4345        -0.9301        0.2081        4.9970e-03
0.1085        -0.4237        -0.8784        0.2039        5.0019e-03
0.0935        -0.4323        -0.8111        0.1937        4.9953e-03
0.1026        -0.4363        -0.8493        0.1961        4.9994e-03
0.0804        -0.4405        -0.9214        0.1922        4.9946e-03
0.0926        -0.4572        -0.9443        0.1920        4.9975e-03
0.0837        -0.4592        -0.8409        0.1842        5.0058e-03
0.0893        -0.4449        -0.7811        0.1857        5.0031e-03
0.1017        -0.4564        -0.8483        0.1888        4.9934e-03
0.1245        -0.4427        -0.8373        0.1903        4.9921e-03
0.1408        -0.4350        -0.8216        0.1963        5.0151e-03
0.1418        -0.4282        -0.8204        0.1992        4.9972e-03
0.1362        -0.4219        -0.7835        0.1993        5.0042e-03
0.1217        -0.4286        -0.8337        0.1991        4.9881e-03
0.1284        -0.4309        -0.9005        0.2001        4.9904e-03
0.1396        -0.4336        -0.9522        0.2071        4.9998e-03
0.1313        -0.4313        -0.9785        0.2080        4.9922e-03
0.1370        -0.4189        -0.9571        0.2140        4.9960e-03
0.1496        -0.4283        -0.9853        0.2128        5.0147e-03
0.1317        -0.4027        -0.8895        0.2145        5.0173e-03
0.1473        -0.4169        -0.9068        0.2144        4.9796e-03
0.1430        -0.4180        -0.8487        0.2100        4.9957e-03
0.1602        -0.4130        -1.0000        0.2184        5.0077e-03
0.1541        -0.3978        -0.9598        0.2190        4.9986e-03
0.1550        -0.4224        -0.8660        0.2129        5.0060e-03
0.1486        -0.4328        -0.9069        0.2118        5.0081e-03
0.1521        -0.4070        -0.8590        0.2153        5.0111e-03
0.1495        -0.4218        -0.9061        0.2183        4.9838e-03
0.1220        -0.4425        -0.8271        0.2057        4.9932e-03
0.1207        -0.4500        -0.8488        0.2045        5.0030e-03
0.1159        -0.4467        -0.8531        0.2045        5.0144e-03
0.1199        -0.4495        -0.8808        0.2055        4.9919e-03
0.1132        -0.4429        -0.8694        0.2000        5.0080e-03
0.1025        -0.4213        -0.7579        0.2022        5.0094e-03
0.1356        -0.4250        -0.6834        0.2064        4.9913e-03
0.1575        -0.3999        -0.7203        0.2149        4.9976e-03
0.1170        -0.4134        -0.8748        0.2153        4.9862e-03
0.1455        -0.4334        -0.9290        0.2146        5.0110e-03
0.1430        -0.4005        -0.7645        0.2178        4.9966e-03
0.1314        -0.3907        -0.6770        0.2215        4.9960e-03
0.1314        -0.4137        -0.9123        0.2256        4.9850e-03
0.1118        -0.4044        -0.8454        0.2246        5.0115e-03
0.0969        -0.3985        -0.8075        0.2213        5.0152e-03
0.1000        -0.4016        -0.8064        0.2209        5.0065e-03
0.1083        -0.4136        -0.8733        0.2168        5.0098e-03
0.1228        -0.4059        -0.9569        0.2213        5.0029e-03
0.1335        -0.4114        -0.9839        0.2235        4.9912e-03
0.1098        -0.4096        -0.8489        0.2152        5.0214e-03
0.1074        -0.4124        -0.9281        0.2175        4.9814e-03
0.0947        -0.4377        -0.8927        0.2102        4.9798e-03
0.1081        -0.4432        -0.9027        0.2104        5.0160e-03
0.1236        -0.4499        -0.9402        0.2096        5.0168e-03
0.1251        -0.4628        -0.9809        0.2106        5.0255e-03
0.1265        -0.4779        -1.0000        0.2061        5.0541e-03
0.1051        -0.4704        -0.9987        0.2037        5.0209e-03
0.1254        -0.4566        -1.0000        0.2118        5.0050e-03
0.1301        -0.4600        -1.0000        0.2128        5.0321e-03
0.1392        -0.4537        -1.0000        0.2203        5.0153e-03
0.1511        -0.4432        -0.9972        0.2239        5.0158e-03
0.1460        -0.4480        -0.9922        0.2243        5.0031e-03
0.1280        -0.4317        -0.9574        0.2259        5.0233e-03
0.1319        -0.4283        -0.9364        0.2251        5.0201e-03
0.1263        -0.4357        -0.9587        0.2257        5.0162e-03
0.1374        -0.4144        -0.9795        0.2346        5.0190e-03
0.1451        -0.4173        -0.9701        0.2329        4.9838e-03
0.1357        -0.4082        -0.9487        0.2325        4.9986e-03
0.1306        -0.3910        -0.8748        0.2329        5.0293e-03
0.1370        -0.3835        -0.8319        0.2344        4.9885e-03
0.1477        -0.3838        -0.8648        0.2356        5.0082e-03
0.1465        -0.3923        -0.8896        0.2330        5.0052e-03
0.1562        -0.3957        -0.9005        0.2296        5.0073e-03
0.1335        -0.4007        -0.9067        0.2276        5.0099e-03
0.1485        -0.4197        -0.9490        0.2281        5.0153e-03
0.1591        -0.4260        -1.0000        0.2282        5.0238e-03
0.1769        -0.4115        -1.0000        0.2360        5.0174e-03
0.1723        -0.4354        -0.9862        0.2346        5.0192e-03
0.1709        -0.4228        -0.9798        0.2363        5.0066e-03
0.1760        -0.4239        -0.9488        0.2381        4.9792e-03
0.1632        -0.4244        -0.9555        0.2397        5.0227e-03
0.1709        -0.4300        -1.0000        0.2441        5.0267e-03
0.1644        -0.4184        -0.9528        0.2440        5.0169e-03
0.1746        -0.4046        -0.9592        0.2560        5.0238e-03
0.1577        -0.4056        -0.9648        0.2552        5.0206e-03
0.1592        -0.4054        -0.9754        0.2564        5.0290e-03
0.1682        -0.4077        -0.9855        0.2571        5.0124e-03
0.1508        -0.3949        -0.9259        0.2609        5.0361e-03
0.1512        -0.4023        -0.9333        0.2635        5.0015e-03
0.1626        -0.3921        -0.9127        0.2628        5.0068e-03
0.1625        -0.3842        -0.8645        0.2690        5.0162e-03
0.1754        -0.3887        -0.8924        0.2698        5.0114e-03
0.1636        -0.3929        -0.8740        0.2681        5.0113e-03
0.1651        -0.3797        -0.8253        0.2719        5.0171e-03
0.1799        -0.3835        -0.8728        0.2733        4.9840e-03
0.1959        -0.3749        -0.7789        0.2757        5.0069e-03
0.1963        -0.3711        -0.8130        0.2766        5.0018e-03
0.1923        -0.3704        -0.8200        0.2750        5.0041e-03
0.1865        -0.3676        -0.7433        0.2727        4.9912e-03
0.1889        -0.3604        -0.5868        0.2771        4.9926e-03
0.1750        -0.3542        -0.8255        0.2821        5.0209e-03
0.1642        -0.3572        -0.8286        0.2796        5.0128e-03
0.1517        -0.3534        -0.7986        0.2777        4.9995e-03
0.1252        -0.3558        -0.8768        0.2756        5.0156e-03
0.1159        -0.3486        -0.7782        0.2783        4.9969e-03
0.1183        -0.3544        -0.8144        0.2726        5.0127e-03
0.1341        -0.3499        -0.8126        0.2728        5.0218e-03
0.1104        -0.3480        -0.8119        0.2750        5.0162e-03
0.0976        -0.3403        -0.8148        0.2745        5.0293e-03
0.1138        -0.3689        -0.9295        0.2711        4.9929e-03
0.1212        -0.3821        -0.8766        0.2617        5.0041e-03
0.1432        -0.3850        -0.8757        0.2637        5.0080e-03
0.1645        -0.3917        -0.9095        0.2594        5.0057e-03
0.1484        -0.3958        -0.9480        0.2550        5.0014e-03
0.1450        -0.3971        -0.9339        0.2505        4.9986e-03
0.1416        -0.3895        -0.8903        0.2510        5.0030e-03
0.1449        -0.3967        -0.9213        0.2490        5.0148e-03
0.1355        -0.3884        -0.8747        0.2436        5.0131e-03
0.1278        -0.3895        -0.8603        0.2426        5.0068e-03
0.1201        -0.4037        -0.8723        0.2380        4.9820e-03
0.1391        -0.3960        -0.8842        0.2416        4.9884e-03
